Selection	View	Channel	Begin Time (s)	End Time (s)	Low Freq (Hz)	High Freq (Hz)	Q1 Freq (Hz)	Q3 Freq (Hz)	Delta Time (s)	IQR BW (Hz)	Delta Freq (Hz)	Peak Freq (Hz)	Avg Entropy (bits)	Peak Freq Contour (Hz)	PFC Avg Slope (Hz/ms)	PFC Slope (Hz/ms)	PFC Num Inf Pts
1	Waveform 1	1	0.233646881	0.387711414	2464.4	3810.9			0.154		1346.5						
1	Spectrogram 1	1	0.233646881	0.387711414	2464.4	3810.9	2812.5	3468.8	0.154	656.2	1346.5	2718.8	2.428	3281.2;3281.2;3281.2;3281.2;3281.2;3375.0;3375.0;3468.8;3468.8;3468.8;3562.5;3562.5;3187.5;3562.5;3375.0;3562.5;2718.8;2718.8;2718.8;3468.8;2718.8;2718.8;3468.8;3468.8;3468.8;3562.5;3468.8;3468.8	1.3	0.0;0.0;0.0;0.0;17.6;0.0;17.6;0.0;0.0;17.6;0.0;-70.3;70.3;-35.2;35.2;-158.2;0.0;0.0;140.6;-140.6;0.0;140.6;0.0;0.0;17.6;-17.6;0.0	9
2	Waveform 1	1	0.494709303	0.648773835	2440.8	3716.4			0.154		1275.6						
2	Spectrogram 1	1	0.494709303	0.648773835	2440.8	3716.4	2906.2	3468.8	0.154	562.5	1275.6	3375.0	2.524	3187.5;3187.5;3187.5;3187.5;3187.5;3187.5;3281.2;3281.2;3375.0;3375.0;3375.0;3375.0;3375.0;3187.5;3281.2;3468.8;2625.0;3468.8;3468.8;3468.8;3375.0;2625.0;2718.8;3468.8;3468.8;3468.8;3375.0;2625.0;3375.0	1.3	0.0;0.0;0.0;0.0;0.0;17.6;0.0;17.6;0.0;0.0;0.0;0.0;-35.2;17.6;35.2;-158.2;158.2;0.0;0.0;-17.6;-140.6;17.6;140.6;0.0;0.0;-17.6;-140.6;140.6	8
3	Waveform 1	1	0.742011243	0.892363377	2417.2	3763.7			0.150		1346.5						
3	Spectrogram 1	1	0.742011243	0.892363377	2417.2	3763.7	2718.8	3375.0	0.150	656.2	1346.5	3375.0	2.656	3093.8;3093.8;3093.8;3093.8;3187.5;3187.5;3281.2;3375.0;3468.8;3375.0;3468.8;3375.0;3468.8;3187.5;2718.8;2625.0;2625.0;3468.8;2718.8;3468.8;2718.8;2718.8;2812.5;3468.8;3468.8;2625.0;2718.8;2718.8	-2.6	0.0;0.0;0.0;17.6;0.0;17.6;17.6;17.6;-17.6;17.6;-17.6;17.6;-52.7;-87.9;-17.6;0.0;158.2;-140.6;140.6;-140.6;0.0;17.6;123.0;0.0;-158.2;17.6;0.0	12
4	Waveform 1	1	0.991432872	1.123223014	2464.4	3716.4			0.132		1252.0						
4	Spectrogram 1	1	0.991432872	1.123223014	2464.4	3716.4	2812.5	3375.0	0.132	562.5	1252.0	2718.8	2.425	3468.8;3093.8;3093.8;3093.8;3093.8;3281.2;3375.0;3187.5;3375.0;3375.0;3281.2;3000.0;3468.8;3468.8;2718.8;2718.8;2718.8;3468.8;3281.2;3375.0;3468.8;2812.5;3375.0;3468.8	0.0	-70.3;0.0;0.0;0.0;35.2;17.6;-35.2;35.2;0.0;-17.6;-52.7;87.9;0.0;-140.6;0.0;0.0;140.6;-35.2;17.6;17.6;-123.0;105.5;17.6	11
5	Waveform 1	1	1.238916395	1.389268529	2417.2	3574.7			0.150		1157.5						
5	Spectrogram 1	1	1.238916395	1.389268529	2417.2	3574.7	2906.2	3375.0	0.150	468.8	1157.5	3375.0	2.514	3093.8;3093.8;3187.5;3187.5;3187.5;3281.2;3281.2;3375.0;3375.0;3375.0;3000.0;3375.0;3187.5;2718.8;3375.0;3375.0;2718.8;3281.2;3375.0;3375.0;3375.0;3375.0;2718.8;3375.0;3375.0;2718.8;2812.5	-2.0	0.0;17.6;0.0;0.0;17.6;0.0;17.6;0.0;0.0;-70.3;70.3;-35.2;-87.9;123.0;0.0;-123.0;105.5;17.6;0.0;0.0;0.0;-123.0;123.0;0.0;-123.0;17.6	10
6	Waveform 1	1	1.488572250	1.620362392	2440.8	3669.2			0.132		1228.3						
6	Spectrogram 1	1	1.488572250	1.620362392	2440.8	3669.2	2812.5	3375.0	0.132	562.5	1228.3	2625.0	2.529	3093.8;3093.8;3187.5;3187.5;3281.2;3281.2;3187.5;3375.0;3375.0;3093.8;3000.0;3375.0;3375.0;3375.0;2625.0;2718.8;3375.0;2812.5;2718.8;2718.8;3281.2;3375.0;3468.8	3.2	0.0;17.6;0.0;17.6;0.0;-17.6;35.2;0.0;-52.7;-17.6;70.3;0.0;0.0;-140.6;17.6;123.0;-105.5;-17.6;0.0;105.5;17.6;17.6	8
7	Waveform 1	1	2.594767468	2.730270008	2488.1	3692.8			0.136		1204.7						
7	Spectrogram 1	1	2.594767468	2.730270008	2488.1	3692.8	3093.8	3468.8	0.136	375.0	1204.7	3468.8	2.590	3656.2;3187.5;3187.5;3281.2;3375.0;3468.8;3468.8;3468.8;3468.8;3093.8;3000.0;3468.8;3468.8;3468.8;3468.8;3468.8;2812.5;3468.8;3468.8;2906.2;2718.8;3375.0;3375.0;2906.2;2812.5	-6.6	-87.9;0.0;17.6;17.6;17.6;0.0;0.0;0.0;-70.3;-17.6;87.9;0.0;0.0;0.0;0.0;-123.0;123.0;0.0;-105.5;-35.2;123.0;0.0;-87.9;-17.6	8
8	Waveform 1	1	2.858997522	3.003781059	2417.2	3645.6			0.145		1228.3						
8	Spectrogram 1	1	2.858997522	3.003781059	2417.2	3645.6	2718.8	3375.0	0.145	656.2	1228.3	3375.0	2.597	3187.5;3281.2;3281.2;3375.0;3187.5;3187.5;3281.2;3187.5;3375.0;3375.0;2625.0;2625.0;2625.0;2718.8;2812.5;3375.0;3375.0;3375.0;2812.5;2812.5;3375.0;3281.2;3375.0;2812.5;3281.2;2718.8;2625.0	-4.1	17.6;0.0;17.6;-35.2;0.0;17.6;-17.6;35.2;0.0;-140.6;0.0;0.0;17.6;17.6;105.5;0.0;0.0;-105.5;0.0;105.5;-17.6;17.6;-105.5;87.9;-105.5;-17.6	13
9	Waveform 1	1	3.122109477	3.243043607	2417.2	3621.9			0.121		1204.7						
9	Spectrogram 1	1	3.122109477	3.243043607	2417.2	3621.9	2718.8	3281.2	0.121	562.5	1204.7	2718.8	2.576	3281.2;3375.0;3375.0;3375.0;3375.0;3375.0;3000.0;3375.0;3281.2;2625.0;2625.0;2625.0;2718.8;3375.0;2812.5;3375.0;2718.8;2718.8;2718.8;2812.5;3281.2;3281.2;3187.5	-0.8	17.6;0.0;0.0;0.0;0.0;-70.3;70.3;-17.6;-123.0;0.0;0.0;17.6;123.0;-105.5;105.5;-123.0;0.0;0.0;17.6;87.9;0.0;-17.6	9
