Selection	View	Channel	Begin Time (s)	End Time (s)	Low Freq (Hz)	High Freq (Hz)	Q1 Freq (Hz)	Q3 Freq (Hz)	Delta Time (s)	IQR BW (Hz)	Delta Freq (Hz)	Peak Freq (Hz)	Avg Entropy (bits)	Peak Freq Contour (Hz)	PFC Avg Slope (Hz/ms)	PFC Slope (Hz/ms)	PFC Num Inf Pts
1	Waveform 1	1	0.236148332	0.420796229	1346.5	3543.3			0.185		2196.9						
1	Spectrogram 1	1	0.236148332	0.420796229	1346.5	3543.3	2812.5	3281.2	0.185	468.8	2196.9	3375.0	2.385	2156.2;1875.0;1781.2;1687.5;1687.5;1875.0;1687.5;3187.5;3187.5;3187.5;3281.2;3375.0;3375.0;3281.2;3375.0;3281.2;3281.2;2812.5;2812.5;2812.5;2812.5;2812.5;2812.5;2812.5;2812.5;2812.5;3375.0;2812.5;2812.5;2906.2;2812.5;2906.2;2812.5	3.8	-52.7;-17.6;-17.6;0.0;35.2;-35.2;281.2;0.0;0.0;17.6;17.6;0.0;-17.6;17.6;-17.6;0.0;-87.9;0.0;0.0;0.0;0.0;0.0;0.0;0.0;0.0;105.5;-105.5;0.0;17.6;-17.6;17.6;-17.6	12
2	Waveform 1	1	0.599917286	0.770747994	1275.6	3543.3			0.171		2267.7						
2	Spectrogram 1	1	0.599917286	0.770747994	1275.6	3543.3	2906.2	3281.2	0.171	375.0	2267.7	3281.2	2.342	2156.2;2062.5;1875.0;1875.0;1781.2;1687.5;1875.0;3281.2;3187.5;3187.5;3281.2;3281.2;3281.2;3281.2;3281.2;3281.2;3281.2;3281.2;3281.2;2812.5;2812.5;2906.2;2906.2;2906.2;3375.0;2812.5;2906.2;3375.0;2812.5;2906.2;2906.2;2906.2	4.5	-17.6;-35.2;0.0;-17.6;-17.6;35.2;263.7;-17.6;0.0;17.6;0.0;0.0;0.0;0.0;0.0;0.0;0.0;0.0;-87.9;0.0;17.6;0.0;0.0;87.9;-105.5;17.6;87.9;-105.5;17.6;0.0;0.0	9
3	Waveform 1	1	0.973139991	1.164068429	1322.8	3496.1			0.191		2173.2						
3	Spectrogram 1	1	0.973139991	1.164068429	1322.8	3496.1	2812.5	3281.2	0.191	468.8	2173.2	3281.2	2.203	2062.5;2062.5;1781.2;1781.2;1781.2;1687.5;1875.0;3187.5;3187.5;3187.5;3281.2;3281.2;3281.2;3187.5;3281.2;3281.2;2812.5;3187.5;3281.2;3281.2;3281.2;3281.2;2812.5;2812.5;2812.5;2812.5;2812.5;2812.5;2812.5;2812.5;2906.2;2812.5;2812.5;2812.5;2812.5	4.1	0.0;-52.7;0.0;0.0;-17.6;35.2;246.1;0.0;0.0;17.6;0.0;0.0;-17.6;17.6;0.0;-87.9;70.3;17.6;0.0;0.0;0.0;-87.9;0.0;0.0;0.0;0.0;0.0;0.0;0.0;17.6;-17.6;0.0;0.0;0.0	8
4	Waveform 1	1	1.352286409	1.514324360	1275.6	3519.7			0.162		2244.1						
4	Spectrogram 1	1	1.352286409	1.514324360	1275.6	3519.7	2812.5	3281.2	0.162	468.8	2244.1	3281.2	2.262	2062.5;2062.5;1781.2;1781.2;1687.5;1781.2;3093.8;3093.8;3093.8;3187.5;3281.2;3281.2;3281.2;3187.5;3281.2;3281.2;3093.8;3281.2;3281.2;3281.2;2812.5;2718.8;2718.8;2812.5;2812.5;2812.5;2812.5;2906.2;2812.5	5.0	0.0;-52.7;0.0;-17.6;17.6;246.1;0.0;0.0;17.6;17.6;0.0;0.0;-17.6;17.6;0.0;-35.2;35.2;0.0;0.0;-87.9;-17.6;0.0;17.6;0.0;0.0;0.0;17.6;-17.6	8
5	Waveform 1	1	1.727082567	1.911730464	1464.6	3496.1			0.185		2031.5						
5	Spectrogram 1	1	1.727082567	1.911730464	1464.6	3496.1	2812.5	3281.2	0.185	468.8	2031.5	3281.2	2.153	2062.5;2062.5;1875.0;1781.2;1687.5;1687.5;3187.5;3093.8;3187.5;3187.5;3281.2;3281.2;3281.2;3281.2;3281.2;3187.5;2906.2;3187.5;3281.2;3281.2;2812.5;2812.5;2812.5;2812.5;2812.5;2812.5;3281.2;2812.5;2812.5;2812.5;2812.5;2812.5;2812.5;2812.5	4.3	0.0;-35.2;-17.6;-17.6;0.0;281.2;-17.6;17.6;0.0;17.6;0.0;0.0;0.0;0.0;-17.6;-52.7;52.7;17.6;0.0;-87.9;0.0;0.0;0.0;0.0;0.0;87.9;-87.9;0.0;0.0;0.0;0.0;0.0;0.0	8
6	Waveform 1	1	2.099459298	2.300436601	1275.6	3519.7			0.201		2244.1						
6	Spectrogram 1	1	2.099459298	2.300436601	1275.6	3519.7	2812.5	3281.2	0.201	468.8	2244.1	3375.0	2.213	2062.5;2062.5;2062.5;1875.0;1781.2;1687.5;1875.0;1781.2;1781.2;3093.8;3187.5;3281.2;3281.2;3375.0;3375.0;3375.0;3375.0;3281.2;3281.2;3375.0;2812.5;2718.8;2812.5;2812.5;3375.0;2812.5;2812.5;2812.5;2812.5;2812.5;2718.8;2812.5;2812.5;2812.5;2812.5;2812.5;2812.5;2812.5	3.8	0.0;0.0;-35.2;-17.6;-17.6;35.2;-17.6;0.0;246.1;17.6;17.6;0.0;17.6;0.0;0.0;0.0;-17.6;0.0;17.6;-105.5;-17.6;17.6;0.0;105.5;-105.5;0.0;0.0;0.0;0.0;-17.6;17.6;0.0;0.0;0.0;0.0;0.0;0.0	9
7	Waveform 1	1	2.463082755	2.646474544	1110.2	3496.1			0.183		2385.8						
7	Spectrogram 1	1	2.463082755	2.646474544	1110.2	3496.1	2718.8	3281.2	0.183	562.5	2385.8	3281.2	2.389	2062.5;2062.5;1875.0;1875.0;1781.2;1687.5;1687.5;1781.2;1781.2;3093.8;3093.8;3093.8;3281.2;3281.2;3093.8;3281.2;3281.2;2906.2;2812.5;2812.5;2718.8;2812.5;2812.5;2812.5;2812.5;2812.5;2812.5;2812.5;2812.5;2812.5;2812.5;2812.5;2812.5;2812.5;2812.5	4.1	0.0;-35.2;0.0;-17.6;-17.6;0.0;17.6;0.0;246.1;0.0;0.0;35.2;0.0;-35.2;35.2;0.0;-70.3;-17.6;0.0;-17.6;17.6;0.0;0.0;0.0;0.0;0.0;0.0;0.0;0.0;0.0;0.0;0.0;0.0;0.0	5
8	Waveform 1	1	2.830474536	3.007585785	1275.6	3543.3			0.177		2267.7						
8	Spectrogram 1	1	2.830474536	3.007585785	1275.6	3543.3	2812.5	3375.0	0.177	562.5	2267.7	3375.0	2.497	2156.2;1875.0;1875.0;1875.0;1781.2;1875.0;1781.2;1687.5;3093.8;3093.8;3093.8;3187.5;3375.0;3375.0;3375.0;3375.0;3375.0;2812.5;2812.5;2718.8;2718.8;3375.0;2718.8;2812.5;2812.5;2812.5;2812.5;2812.5;2812.5;2812.5;2812.5;2812.5;2812.5	3.8	-52.7;0.0;0.0;-17.6;17.6;-17.6;-17.6;263.7;0.0;0.0;17.6;35.2;0.0;0.0;0.0;0.0;-105.5;0.0;-17.6;0.0;123.0;-123.0;17.6;0.0;0.0;0.0;0.0;0.0;0.0;0.0;0.0;0.0	7
9	Waveform 1	1	3.211101479	3.402029917	1252.0	3496.1			0.191		2244.1						
9	Spectrogram 1	1	3.211101479	3.402029917	1252.0	3496.1	2718.8	3093.8	0.191	375.0	2244.1	2812.5	2.640	1968.8;1781.2;1781.2;1875.0;1781.2;1968.8;1687.5;3093.8;3093.8;3187.5;3093.8;3375.0;3375.0;3375.0;3281.2;3375.0;3281.2;2718.8;2718.8;2812.5;2812.5;2812.5;2812.5;2812.5;2812.5;2812.5;1968.8;1875.0;2812.5;2812.5;2812.5;1781.2;1875.0;2812.5;2812.5	4.7	-35.2;0.0;17.6;-17.6;35.2;-52.7;263.7;0.0;17.6;-17.6;52.7;0.0;0.0;-17.6;17.6;-17.6;-105.5;0.0;17.6;0.0;0.0;0.0;0.0;0.0;0.0;-158.2;-17.6;175.8;0.0;0.0;-193.4;17.6;175.8;0.0	15
10	Waveform 1	1	3.585091100	3.782300079	1275.6	3519.7			0.197		2244.1						
10	Spectrogram 1	1	3.585091100	3.782300079	1275.6	3519.7	2718.8	3281.2	0.197	562.5	2244.1	3281.2	2.768	1968.8;1781.2;1781.2;1687.5;1781.2;1968.8;1781.2;1781.2;3187.5;3281.2;3281.2;3281.2;3281.2;3281.2;3375.0;3375.0;2812.5;2718.8;3281.2;2812.5;2812.5;2812.5;2812.5;2812.5;2812.5;2812.5;2718.8;2718.8;2812.5;2812.5;2812.5;2812.5;1500.0;2812.5;2812.5;1406.2;1312.5	-3.4	-35.2;0.0;-17.6;17.6;35.2;-35.2;0.0;263.7;17.6;0.0;0.0;0.0;0.0;17.6;0.0;-105.5;-17.6;105.5;-87.9;0.0;0.0;0.0;0.0;0.0;0.0;-17.6;0.0;17.6;0.0;0.0;0.0;-246.1;246.1;0.0;-263.7;-17.6	10
11	Waveform 1	1	3.955312949	4.131947899	1299.2	3519.7			0.177		2220.5						
11	Spectrogram 1	1	3.955312949	4.131947899	1299.2	3519.7	2812.5	3281.2	0.177	468.8	2220.5	2812.5	2.546	1875.0;1875.0;1875.0;1781.2;1875.0;1875.0;3093.8;1781.2;1781.2;3281.2;3281.2;3281.2;3375.0;3281.2;3375.0;3281.2;2718.8;3281.2;2812.5;2812.5;2812.5;2812.5;2812.5;2812.5;2812.5;2718.8;2718.8;2812.5;2812.5;2812.5;2812.5;2812.5	5.7	0.0;0.0;-17.6;17.6;0.0;228.5;-246.1;0.0;281.2;0.0;0.0;17.6;-17.6;17.6;-17.6;-105.5;105.5;-87.9;0.0;0.0;0.0;0.0;0.0;0.0;-17.6;0.0;17.6;0.0;0.0;0.0;0.0	9
12	Waveform 1	1	4.332079147	4.515470936	1252.0	3496.1			0.183		2244.1						
12	Spectrogram 1	1	4.332079147	4.515470936	1252.0	3496.1	2718.8	3281.2	0.183	562.5	2244.1	3281.2	2.210	1593.8;1687.5;1500.0;1500.0;1687.5;1593.8;1500.0;1500.0;3281.2;3281.2;3281.2;3281.2;3281.2;3281.2;2812.5;2812.5;2812.5;2812.5;2812.5;2812.5;2812.5;2812.5;2812.5;2812.5;2812.5;2812.5;2718.8;2812.5;2718.8;2812.5;2812.5;2812.5;2812.5	7.1	17.6;-35.2;0.0;35.2;-17.6;-17.6;0.0;334.0;0.0;0.0;0.0;0.0;0.0;-87.9;0.0;0.0;0.0;0.0;0.0;0.0;0.0;0.0;0.0;0.0;0.0;-17.6;17.6;-17.6;17.6;0.0;0.0;0.0	8
